- id: 1
  type: 1
  label: tv
  score: -0.476946
  post_id: 2008_000305.txt
  bbox: [307.0, 85.0, 125.0, 110.0]
  attrs: {'brown': 0.036235, 'colorful': 0.023081, 'golden': 0.322851, 'yellow': 0.006584, 'rusty': 0.024663, 'pink': 0.001339, 'striped': 0.044311, 'feathered': 0.068004, 'blue': 0.000293, 'gray': 0.023966, 'wooden': 0.011767, 'furry': 3.2e-05, 'clear': 0.00469, 'rectangular': 0.27796, 'black': 0.008659, 'dirty': 0.026922, 'orange': 0.310624, 'green': 0.001597, 'white': 0.016201, 'shiny': 0.021228, 'red': 0.002079}
  preps: {}